image: /home/anirudh/map_karto.pgm
resolution: 0.050000
origin: [-5.451332, -8.149036, 0.000000]
negate: 0
occupied_thresh: 0.65
free_thresh: 0.196

